TEST ID NUMBERS ( NOT REAL ) (Really!)
97181871657
58545829946
21490044808
02563864196
88046281891
18238424227
55902113320
49046781252
76214898010
57596472174
90318298099
59743689694
70687582163
39021315975
64874345516
22935916247
40130039833
53907367983
85146801113
41185957524
21482427566
13938336320
82509701554
66381068588
10027186802
17409068392
35062518002
70992810197
84404887198
66287722939
78520241710
52298000598
71612393173
57587980555
23164654638
89490032004
40412132852
00746685344
34278378861
66504479607
